1 0 1963
2 1963 1569
3 3532 2568
4 6100 2015
5 8115 3760
6 11875 950
7 12825 1215
8 14040 1934
9 15974 1446
10 17420 3820
11 21240 5727
12 26967 2249
13 29216 2911
14 32127 1513
15 33640 5759
16 39399 2667
17 42066 1296
18 43362 1274
19 44636 1343
20 45979 7964
21 53943 1721
22 55664 2839
23 58503 1251
24 59754 1439
25 61193 5133
26 66326 3050
27 69376 1305
28 70681 2797
29 73478 1452
30 74930 938
31 75868 2784
32 78652 1503
33 80155 916
34 81071 3009
35 84080 1231
36 85311 8788
37 94099 2617
38 96716 1633
39 98349 2243
40 100592 1999
41 102591 6262
42 108853 2087
43 110940 1575
44 112515 3156
45 115671 4068
46 119739 2692
47 122431 2891
48 125322 1045
49 126367 1427
50 127794 5514
51 133308 3627
52 136935 2089
53 139024 5817
54 144841 6789
55 151630 1229
56 152859 1528
57 154387 365
58 154752 2207
59 156959 2954
60 159913 1228
61 161141 930
62 162071 1876
63 163947 2975
64 166922 6894
65 173816 2669
66 176485 1571
67 178056 1776
68 179832 1713
69 181545 968
70 182513 8967
71 191480 5618
72 197098 5676
73 202774 5493
74 208267 6750
75 215017 2081
76 217098 19464
77 236562 7688
78 244250 1827
79 246077 1245
80 247322 3043
81 250365 1865
82 252230 2700
83 254930 4182
84 259112 1420
85 260532 602
86 261134 6579
87 267713 2423
88 270136 1836
89 271972 3354
90 275326 1896
91 277222 13766
92 290988 549
93 291537 1647
94 293184 3038
95 296222 2375
96 298597 2839
97 301436 18381
98 319817 3149
99 322966 5182
100 328148 5574
101 333722 4708
102 338430 5545
103 343975 1887
104 345862 3891
105 349753 6089
106 355842 2472
107 358314 4444
108 362758 981
109 363739 798
110 364537 4182
111 368719 2679
112 371398 2968
113 374366 1262
114 375628 1955
115 377583 2328
116 379911 2746
117 382657 2314
118 384971 1301
119 386272 4709
120 390981 4590
121 395571 3587
122 399158 3140
123 402298 4114
124 406412 4513
125 410925 2783
126 413708 3831
127 417539 2318
128 419857 1749
129 421606 2307
130 423913 20508
131 444421 3320
132 447741 4092
133 451833 1927
134 453760 8742
135 462502 2686
136 465188 5325
137 470513 5357
138 475870 3697
139 479567 4178
140 483745 5940
141 489685 3037
142 492722 5470
143 498192 1746
144 499938 2629
145 502567 5040
146 507607 4797
147 512404 3320
148 515724 5428
149 521152 5499
150 526651 4286
151 530937 2546
152 533483 4420
153 537903 7408
154 545311 193
155 545504 4739
156 550243 910
157 551153 801
158 551954 2242
159 554196 1787
160 555983 945
161 556928 1847
162 558775 12145
163 570920 4443
164 575363 6896
165 582259 9989
166 592248 1124
167 593372 9953
168 603325 3388
169 606713 1410
170 608123 3524
171 611647 5374
172 617021 4674
173 621695 5549
174 627244 2587
175 629831 3948
176 633779 3536
177 637315 5177
178 642492 5264
179 647756 1322
180 649078 9381
181 658459 3296
182 661755 602
183 662357 1555
184 663912 3327
185 667239 1889
186 669128 3284
187 672412 5120
188 677532 2139
189 679671 5839
190 685510 2309
191 687819 4224
192 692043 4925
193 696968 4006
194 700974 4008
195 704982 4233
196 709215 16834
197 726049 2036
198 728085 12338
199 740423 14353
200 754776 8880
201 763656 8087
202 771743 4818
203 776561 11435
204 787996 3415
205 791411 5014
206 796425 4594
207 801019 4198
208 805217 5570
209 810787 3461
210 814248 4304
211 818552 4086
212 822638 6579
213 829217 3815
214 833032 5541
215 838573 3434
216 842007 4514
217 846521 24377
218 870898 2044
219 872942 4979
220 877921 4961
221 882882 5064
222 887946 4201
223 892147 3998
224 896145 3356
225 899501 24007
226 923508 4703
227 928211 15745
228 943956 10369
229 954325 1887
230 956212 5119
231 961331 5662
232 966993 3268
233 970261 7357
234 977618 5324
235 982942 6615
236 989557 3942
237 993499 6341
238 999840 5032
239 1004872 6913
240 1011785 4243
241 1016028 8230
242 1024258 5047
243 1029305 4550
244 1033855 34062
245 1067917 1969
246 1069886 4447
247 1074333 4175
248 1078508 2276
249 1080784 21484
250 1102268 5191
251 1107459 4809
252 1112268 4391
253 1116659 2216
254 1118875 4543
255 1123418 4308
256 1127726 5653
257 1133379 4346
258 1137725 22558
259 1160283 4719
260 1165002 3933
261 1168935 5104
262 1174039 4594
263 1178633 5428
264 1184061 5557
265 1189618 3146
266 1192764 5177
267 1197941 5613
268 1203554 6223
269 1209777 3485
270 1213262 5256
271 1218518 4757
272 1223275 3798
273 1227073 6860
274 1233933 4844
275 1238777 4482
276 1243259 2306
277 1245565 25050
278 1270615 4789
279 1275404 9507
280 1284911 4192
281 1289103 4343
282 1293446 3938
283 1297384 5941
284 1303325 24245
285 1327570 2340
286 1329910 5164
287 1335074 5479
288 1340553 3996
289 1344549 3320
290 1347869 3883
291 1351752 4630
292 1356382 4909
293 1361291 19104
294 1380395 2347
295 1382742 4728
296 1387470 8039
297 1395509 7926
298 1403435 2862
299 1406297 5079
300 1411376 7585
301 1418961 5111
302 1424072 5893
303 1429965 6232
304 1436197 3882
305 1440079 7699
306 1447778 4750
307 1452528 3634
308 1456162 7441
309 1463603 5082
310 1468685 23907
311 1492592 3832
312 1496424 6759
313 1503183 4760
314 1507943 4983
315 1512926 3507
316 1516433 15603
317 1532036 4817
318 1536853 4040
319 1540893 4107
320 1545000 2166
321 1547166 4614
322 1551780 9079
323 1560859 4159
324 1565018 4549
325 1569567 4606
326 1574173 3031
327 1577204 9030
328 1586234 8270
329 1594504 3788
330 1598292 5210
331 1603502 4912
332 1608414 19084
333 1627498 4782
334 1632280 6413
335 1638693 2735
336 1641428 3439
337 1644867 2814
338 1647681 11024
339 1658705 4485
340 1663190 5724
341 1668914 4329
342 1673243 3308
343 1676551 4825
344 1681376 3951
345 1685327 5476
346 1690803 4754
347 1695557 5743
348 1701300 22485
349 1723785 2553
350 1726338 4505
351 1730843 4396
352 1735239 5284
353 1740523 2593
354 1743116 4386
355 1747502 3731
356 1751233 4361
357 1755594 6263
358 1761857 27025
359 1788882 2542
360 1791424 5356
361 1796780 5179
362 1801959 2184
363 1804143 4117
364 1808260 3199
365 1811459 4208
366 1815667 3631
367 1819298 10999
368 1830297 10446
369 1840743 5488
370 1846231 13155
371 1859386 4814
372 1864200 5759
373 1869959 7637
374 1877596 7860
375 1885456 5390
376 1890846 7507
377 1898353 4520
378 1902873 3549
379 1906422 4479
380 1910901 6736
381 1917637 4972
382 1922609 32170
383 1954779 2277
384 1957056 13219
385 1970275 11117
386 1981392 7223
387 1988615 3646
388 1992261 12629
389 2004890 2964
390 2007854 8511
391 2016365 2733
392 2019098 3309
393 2022407 2304
394 2024711 4468
395 2029179 16526
396 2045705 2350
397 2048055 4321
398 2052376 7336
399 2059712 1994
400 2061706 5667
401 2067373 21938
402 2089311 1968
403 2091279 2485
404 2093764 18712
405 2112476 4340
406 2116816 6600
407 2123416 9960
408 2133376 4703
409 2138079 4523
410 2142602 1966
411 2144568 6824
412 2151392 2776
413 2154168 5104
414 2159272 3357
415 2162629 7258
416 2169887 3662
417 2173549 4937
418 2178486 4687
419 2183173 5758
420 2188931 4435
421 2193366 22695
422 2216061 13565
423 2229626 2110
424 2231736 2105
425 2233841 2200
426 2236041 1764
427 2237805 19706
428 2257511 4534
429 2262045 4796
430 2266841 2729
431 2269570 2530
432 2272100 2296
433 2274396 3003
434 2277399 2431
435 2279830 3026
436 2282856 23028
437 2305884 4557
438 2310441 7375
439 2317816 2301
440 2320117 4122
441 2324239 2032
442 2326271 2079
443 2328350 6210
444 2334560 5905
445 2340465 4801
446 2345266 3916
447 2349182 4893
448 2354075 4616
449 2358691 24803
450 2383494 4172
451 2387666 4172
452 2391838 4686
453 2396524 2715
454 2399239 2298
455 2401537 2488
456 2404025 2488
457 2406513 16886
458 2423399 4533
459 2427932 2155
460 2430087 8411
461 2438498 2458
462 2440956 2856
463 2443812 20738
464 2464550 5487
465 2470037 4222
466 2474259 10200
467 2484459 10978
468 2495437 2341
469 2497778 2927
470 2500705 5281
471 2505986 4108
472 2510094 6678
473 2516772 6886
474 2523658 3533
475 2527191 4276
476 2531467 3228
477 2534695 4837
478 2539532 2011
479 2541543 5179
480 2546722 24050
481 2570772 2253
482 2573025 2473
483 2575498 15663
484 2591161 2314
485 2593475 2753
486 2596228 2548
487 2598776 21523
488 2620299 4230
489 2624529 16598
490 2641127 4305
491 2645432 17200
492 2662632 4652
493 2667284 2153
494 2669437 13073
495 2682510 9836
496 2692346 5314
497 2697660 5619
498 2703279 3056
499 2706335 4306
500 2710641 9053
501 2719694 5662
502 2725356 5224
503 2730580 7158
504 2737738 6893
505 2744631 6704
506 2751335 5255
507 2756590 29570
508 2786160 3345
509 2789505 3991
510 2793496 2724
511 2796220 7678
512 2803898 1994
513 2805892 2372
514 2808264 3073
515 2811337 3097
516 2814434 2716
517 2817150 21320
518 2838470 5771
519 2844241 7480
520 2851721 4231
521 2855952 2002
522 2857954 6263
523 2864217 2932
524 2867149 2541
525 2869690 2278
526 2871968 3142
527 2875110 13927
528 2889037 4286
529 2893323 1890
530 2895213 4558
531 2899771 5689
532 2905460 2343
533 2907803 2491
534 2910294 9197
535 2919491 4217
536 2923708 5343
537 2929051 3062
538 2932113 16029
539 2948142 5050
540 2953192 6088
541 2959280 2329
542 2961609 2751
543 2964360 2075
544 2966435 2927
545 2969362 2539
546 2971901 13067
547 2984968 4789
548 2989757 7367
549 2997124 2093
550 2999217 5946
551 3005163 5315
552 3010478 7458
553 3017936 2310
554 3020246 3225
555 3023471 2533
556 3026004 17582
557 3043586 2394
558 3045980 6519
559 3052499 4706
560 3057205 3691
561 3060896 1929
562 3062825 4115
563 3066940 4557
564 3071497 2755
565 3074252 4435
566 3078687 5217
567 3083904 2220
568 3086124 22526
569 3108650 4025
570 3112675 3753
571 3116428 2826
572 3119254 17072
573 3136326 2231
574 3138557 1641
575 3140198 2588
576 3142786 14635
577 3157421 3874
578 3161295 12997
579 3174292 2171
580 3176463 5364
581 3181827 2528
582 3184355 15009
583 3199364 3600
584 3202964 2541
585 3205505 4718
586 3210223 6770
587 3216993 9482
588 3226475 3608
589 3230083 3831
590 3233914 3994
591 3237908 2306
592 3240214 7757
593 3247971 21649
594 3269620 9845
595 3279465 7094
596 3286559 5232
597 3291791 5241
598 3297032 5966
599 3302998 6038
600 3309036 3626
601 3312662 4401
602 3317063 4801
603 3321864 4748
604 3326612 2536
605 3329148 2338
606 3331486 4737
607 3336223 21954
608 3358177 1493
609 3359670 6372
610 3366042 3600
611 3369642 6877
612 3376519 10199
613 3386718 2195
614 3388913 3692
615 3392605 2353
616 3394958 3725
617 3398683 2964
618 3401647 3791
619 3405438 1639
620 3407077 10156
621 3417233 2161
622 3419394 5004
623 3424398 2437
624 3426835 1531
625 3428366 7975
626 3436341 6812
627 3443153 4470
628 3447623 9635
629 3457258 6430
630 3463688 5755
631 3469443 2895
632 3472338 5700
633 3478038 10468
634 3488506 4333
635 3492839 6183
636 3499022 4657
637 3503679 2294
638 3505973 3449
639 3509422 8924
640 3518346 1825
641 3520171 5760
642 3525931 4067
643 3529998 4072
644 3534070 2630
645 3536700 386
646 3537086 1875
647 3538961 7422
648 3546383 4468
649 3550851 2448
650 3553299 1762
651 3555061 3106
652 3558167 3545
653 3561712 2811
654 3564523 5258
655 3569781 1195
656 3570976 1181
657 3572157 3133
658 3575290 7640
659 3582930 7673
660 3590603 1208
661 3591811 6055
662 3597866 1711
663 3599577 2348
664 3601925 4857
665 3606782 1742
666 3608524 3376
667 3611900 1946
668 3613846 1190
669 3615036 2660
670 3617696 689
671 3618385 2819
672 3621204 5229
673 3626433 1675
674 3628108 2853
675 3630961 4181
676 3635142 1270
677 3636412 1130
678 3637542 1637
679 3639179 1201
680 3640380 1681
681 3642061 843
682 3642904 884
683 3643788 3846
684 3647634 849
685 3648483 3133
686 3651616 7864
687 3659480 2566
688 3662046 1525
689 3663571 3180
690 3666751 1177
691 3667928 2718
692 3670646 2370
693 3673016 1365
694 3674381 1048
695 3675429 3091
696 3678520 1483
697 3680003 8372
698 3688375 1482
699 3689857 2075
700 3691932 975
701 3692907 1685
702 3694592 1644
703 3696236 933
704 3697169 9665
705 3706834 3978
706 3710812 2826
707 3713638 2715
708 3716353 1259
709 3717612 1115
710 3718727 870
711 3719597 990
712 3720587 1005
713 3721592 2369
714 3723961 1753
715 3725714 1162
716 3726876 912
717 3727788 1143
718 3728931 1367
719 3730298 1008
720 3731306 1959
721 3733265 2635
722 3735900 1285
723 3737185 2752
724 3739937 2828
725 3742765 3009
726 3745774 1072
727 3746846 3637
728 3750483 4306
729 3754789 3342
730 3758131 5893
731 3764024 3311
732 3767335 932
733 3768267 2339
734 3770606 4639
735 3775245 806
736 3776051 5817
737 3781868 1246
738 3783114 6027
739 3789141 886
740 3790027 1630
741 3791657 885
742 3792542 3286
743 3795828 6429
744 3802257 838
745 3803095 3432
746 3806527 4049
747 3810576 1259
748 3811835 1093
749 3812928 1814
750 3814742 1547
751 3816289 2509
752 3818798 2508
753 3821306 1760
754 3823066 1391
755 3824457 2922
756 3827379 2449
757 3829828 1580
758 3831408 1873
759 3833281 1093
760 3834374 963
761 3835337 3376
762 3838713 1970
763 3840683 1941
764 3842624 2236
765 3844860 1966
766 3846826 3136
767 3849962 1806
768 3851768 3209
769 3854977 529
770 3855506 1117
771 3856623 822
772 3857445 2580
773 3860025 1069
774 3861094 2292
775 3863386 1874
776 3865260 1436
777 3866696 736
778 3867432 1689
779 3869121 2550
780 3871671 1578
781 3873249 2298
782 3875547 2401
783 3877948 2261
784 3880209 1079
785 3881288 2532
786 3883820 1438
787 3885258 4198
788 3889456 2121
789 3891577 1802
790 3893379 4225
791 3897604 549
792 3898153 842
793 3898995 2576
794 3901571 4251
795 3905822 3570
796 3909392 916
797 3910308 3526
798 3913834 1233
799 3915067 2407
800 3917474 2666
801 3920140 7413
802 3927553 1306
803 3928859 1084
804 3929943 9086
805 3939029 11275
806 3950304 9260
807 3959564 16015
808 3975579 8762
809 3984341 8454
810 3992795 7389
811 4000184 11300
812 4011484 19513
813 4030997 13563
814 4044560 5491
815 4050051 499
816 4050550 839
817 4051389 3203
818 4054592 7349
819 4061941 546
820 4062487 1544
821 4064031 3466
822 4067497 2110
823 4069607 9176
824 4078783 8030
825 4086813 4698
826 4091511 2696
827 4094207 4090
828 4098297 5087
829 4103384 7159
830 4110543 3414
831 4113957 2841
832 4116798 686
833 4117484 1059
834 4118543 1647
835 4120190 6685
836 4126875 1355
837 4128230 11458
838 4139688 6355
839 4146043 4446
840 4150489 25813
841 4176302 3757
842 4180059 5150
843 4185209 8413
844 4193622 9780
845 4203402 4640
846 4208042 6380
847 4214422 9606
848 4224028 12854
849 4236882 4699
850 4241581 10967
851 4252548 6281
852 4258829 5118
853 4263947 1764
854 4265711 3823
855 4269534 4774
856 4274308 3717
857 4278025 10725
858 4288750 9923
859 4298673 6857
860 4305530 6118
861 4311648 6596
862 4318244 5814
863 4324058 4107
864 4328165 3916
865 4332081 3512
866 4335593 3851
867 4339444 3341
868 4342785 12285
869 4355070 12852
870 4367922 4238
871 4372160 2870
872 4375030 5581
873 4380611 15927
874 4396538 4302
875 4400840 726
876 4401566 1211
877 4402777 4419
878 4407196 4393
879 4411589 2098
880 4413687 13047
881 4426734 6716
882 4433450 8843
883 4442293 7756
884 4450049 10707
885 4460756 7014
886 4467770 8957
887 4476727 2351
888 4479078 8173
889 4487251 8305
890 4495556 3906
891 4499462 5766
892 4505228 10277
893 4515505 2556
894 4518061 13753
895 4531814 538
896 4532352 1542
897 4533894 3097
898 4536991 5009
899 4542000 6554
900 4548554 4731
901 4553285 4249
902 4557534 3617
903 4561151 3064
904 4564215 4115
905 4568330 8659
906 4576989 4050
907 4581039 7546
908 4588585 38582
909 4627167 5454
910 4632621 17886
911 4650507 5305
912 4655812 2783
913 4658595 10555
914 4669150 3797
915 4672947 4742
916 4677689 5422
917 4683111 4840
918 4687951 5260
919 4693211 6740
920 4699951 6499
921 4706450 4693
922 4711143 4164
923 4715307 8967
924 4724274 8419
925 4732693 5497
926 4738190 4286
927 4742476 7458
928 4749934 7919
929 4757853 5662
930 4763515 5372
931 4768887 4479
932 4773366 4974
933 4778340 4332
934 4782672 4384
935 4787056 5360
936 4792416 1271
937 4793687 4023
938 4797710 19886
939 4817596 3723
940 4821319 6347
941 4827666 4692
942 4832358 2828
943 4835186 3495
944 4838681 3928
945 4842609 3482
946 4846091 4291
947 4850382 11930
948 4862312 4258
949 4866570 8233
950 4874803 7877
951 4882680 8017
952 4890697 7324
953 4898021 1643
954 4899664 5266
955 4904930 16463
956 4921393 4622
957 4926015 9463
958 4935478 5323
959 4940801 4211
960 4945012 4800
961 4949812 4045
962 4953857 10523
963 4964380 5569
964 4969949 4127
965 4974076 3760
966 4977836 3935
967 4981771 3327
968 4985098 3432
969 4988530 18445
970 5006975 4822
971 5011797 5378
972 5017175 3413
973 5020588 11489
974 5032077 7891
975 5039968 19553
976 5059521 5469
977 5064990 1244
978 5066234 2141
979 5068375 2885
980 5071260 3680
981 5074940 19368
982 5094308 19791
983 5114099 4366
984 5118465 4312
985 5122777 3536
986 5126313 12579
987 5138892 6799
988 5145691 25801
989 5171492 11242
990 5182734 7109
991 5189843 1565
992 5191408 5962
993 5197370 6366
994 5203736 23605
995 5227341 1581
996 5228922 2824
997 5231746 5145
998 5236891 7838
999 5244729 11021
1000 5255750 1847
1001 5257597 7282
1002 5264879 3703
1003 5268582 7941
1004 5276523 493
1005 5277016 2509
1006 5279525 3096
1007 5282621 3894
1008 5286515 764
1009 5287279 886
1010 5288165 5687
1011 5293852 1499
1012 5295351 2153
1013 5297504 2633
1014 5300137 3681
1015 5303818 3285
1016 5307103 2101
1017 5309204 4841
1018 5314045 10157
1019 5324202 602
1020 5324804 3179
1021 5327983 3468
1022 5331451 3778
1023 5335229 6263
1024 5341492 9871
1025 5351363 2090
1026 5353453 1646
1027 5355099 3138
1028 5358237 5595
1029 5363832 3683
1030 5367515 1997
1031 5369512 4409
1032 5373921 1379
1033 5375300 9468
1034 5384768 4591
1035 5389359 2596
1036 5391955 3590
1037 5395545 1818
1038 5397363 1498
1039 5398861 1520
1040 5400381 4731
1041 5405112 2906
1042 5408018 8574
1043 5416592 5321
1044 5421913 3056
1045 5424969 7139
1046 5432108 1209
1047 5433317 2816
1048 5436133 2603
1049 5438736 1963
1050 5440699 539
1051 5441238 5896
1052 5447134 532
1053 5447666 2088
1054 5449754 6640
1055 5456394 5895
1056 5462289 2533
1057 5464822 3087
1058 5467909 8954
1059 5476863 3629
1060 5480492 3053
1061 5483545 8969
1062 5492514 4053
1063 5496567 3406
1064 5499973 3651
1065 5503624 1480
1066 5505104 4495
1067 5509599 1035
1068 5510634 1789
1069 5512423 5609
1070 5518032 2108
1071 5520140 1809
1072 5521949 15867
1073 5537816 5946
1074 5543762 2267
1075 5546029 2631
1076 5548660 5416
1077 5554076 3935
1078 5558011 13784
1079 5571795 3839
1080 5575634 1862
1081 5577496 3652
1082 5581148 6607
1083 5587755 2974
1084 5590729 578
1085 5591307 4703
1086 5596010 4569
1087 5600579 2723
1088 5603302 4756
1089 5608058 2171
1090 5610229 753
1091 5610982 3246
1092 5614228 3749
1093 5617977 4262
1094 5622239 14619
1095 5636858 2635
1096 5639493 2738
1097 5642231 3584
1098 5645815 3482
1099 5649297 4186
1100 5653483 3688
1101 5657171 3807
1102 5660978 3082
1103 5664060 1702
1104 5665762 4317
1105 5670079 4010
1106 5674089 4172
1107 5678261 3556
1108 5681817 3656
1109 5685473 3818
1110 5689291 4017
1111 5693308 3484
1112 5696792 3776
1113 5700568 3491
1114 5704059 3103
1115 5707162 3145
1116 5710307 4074
1117 5714381 3280
1118 5717661 3420
1119 5721081 3466
1120 5724547 3528
1121 5728075 4686
1122 5732761 1523
1123 5734284 3426
1124 5737710 5078
1125 5742788 3302
1126 5746090 3743
1127 5749833 3493
1128 5753326 2749
1129 5756075 3251
1130 5759326 3659
1131 5762985 3208
1132 5766193 3563
1133 5769756 18952
1134 5788708 4529
1135 5793237 3794
1136 5797031 3634
1137 5800665 4342
1138 5805007 1251
1139 5806258 945
1140 5807203 2973
1141 5810176 4084
1142 5814260 3562
1143 5817822 3541
1144 5821363 2625
1145 5823988 1122
1146 5825110 4235
1147 5829345 19827
1148 5849172 3840
1149 5853012 3342
1150 5856354 4828
1151 5861182 3328
1152 5864510 3288
1153 5867798 3660
1154 5871458 2153
1155 5873611 1015
1156 5874626 5452
1157 5880078 1984
1158 5882062 1514
1159 5883576 1869
1160 5885445 1183
1161 5886628 1190
1162 5887818 6971
1163 5894789 3769
1164 5898558 1035
1165 5899593 2485
1166 5902078 2244
1167 5904322 3235
1168 5907557 2600
1169 5910157 30055
1170 5940212 1109
1171 5941321 1759
1172 5943080 5122
1173 5948202 1263
1174 5949465 1663
1175 5951128 1744
1176 5952872 2423
1177 5955295 1691
1178 5956986 1595
1179 5958581 2652
1180 5961233 3235
1181 5964468 4677
1182 5969145 1797
1183 5970942 968
1184 5971910 1507
1185 5973417 2067
1186 5975484 1541
1187 5977025 1813
1188 5978838 1301
1189 5980139 1920
1190 5982059 1636
1191 5983695 873
1192 5984568 2731
1193 5987299 1888
1194 5989187 6168
1195 5995355 2742
1196 5998097 1417
1197 5999514 1219
1198 6000733 2701
1199 6003434 1470
1200 6004904 2330
1201 6007234 1481
1202 6008715 1353
1203 6010068 2205
1204 6012273 1534
1205 6013807 1729
1206 6015536 5233
1207 6020769 2601
1208 6023370 5623
1209 6028993 1689
1210 6030682 1311
1211 6031993 2984
1212 6034977 1616
1213 6036593 2804
1214 6039397 875
1215 6040272 1622
1216 6041894 4010
1217 6045904 3251
1218 6049155 3000
1219 6052155 3372
1220 6055527 2727
1221 6058254 1422
1222 6059676 1385
1223 6061061 899
1224 6061960 2180
1225 6064140 1105
1226 6065245 3339
1227 6068584 3216
1228 6071800 3793
1229 6075593 1769
1230 6077362 4887
1231 6082249 1800
1232 6084049 984
1233 6085033 1285
1234 6086318 1000
1235 6087318 1177
1236 6088495 5101
1237 6093596 1870
1238 6095466 1144
1239 6096610 1307
1240 6097917 1253
1241 6099170 4198
1242 6103368 1521
1243 6104889 2704
1244 6107593 2156
1245 6109749 1114
1246 6110863 1849
1247 6112712 5014
1248 6117726 2353
1249 6120079 3352
1250 6123431 3703
1251 6127134 6369
1252 6133503 1500
1253 6135003 2697
1254 6137700 2106
1255 6139806 3121
1256 6142927 1615
1257 6144542 8527
1258 6153069 3516
1259 6156585 3403
1260 6159988 1378
1261 6161366 7928
1262 6169294 8212
1263 6177506 8649
1264 6186155 5698
1265 6191853 7431
1266 6199284 7094
1267 6206378 5503
1268 6211881 1807
1269 6213688 6436
1270 6220124 9048
1271 6229172 3876
1272 6233048 4605
1273 6237653 2739
1274 6240392 2409
1275 6242801 3873
1276 6246674 4821
1277 6251495 4274
1278 6255769 3259
1279 6259028 7064
1280 6266092 8587
1281 6274679 8500
1282 6283179 2808
1283 6285987 657
1284 6286644 4201
1285 6290845 8147
1286 6298992 8348
1287 6307340 5419
1288 6312759 2424
1289 6315183 7609
1290 6322792 3473
1291 6326265 2910
1292 6329175 1070
1293 6330245 3064
1294 6333309 10611
1295 6343920 7574
1296 6351494 7627
1297 6359121 1051
1298 6360172 2979
1299 6363151 1804
1300 6364955 8038
1301 6372993 6952
1302 6379945 4072
1303 6384017 1042
1304 6385059 9590
1305 6394649 9641
1306 6404290 2716
1307 6407006 3804
1308 6410810 5701
1309 6416511 14793
1310 6431304 3055
1311 6434359 4466
1312 6438825 7902
1313 6446727 6509
1314 6453236 2517
1315 6455753 3876
1316 6459629 3811
1317 6463440 3396
1318 6466836 5088
1319 6471924 2250
1320 6474174 1116
1321 6475290 1373
1322 6476663 4005
1323 6480668 1000
1324 6481668 3496
1325 6485164 3310
1326 6488474 3685
1327 6492159 3286
1328 6495445 2474
1329 6497919 996
1330 6498915 1271
1331 6500186 8076
1332 6508262 7022
1333 6515284 4493
1334 6519777 7307
1335 6527084 1005
1336 6528089 3339
1337 6531428 9080
1338 6540508 2157
1339 6542665 6305
1340 6548970 6296
1341 6555266 1152
1342 6556418 840
1343 6557258 6810
1344 6564068 3591
1345 6567659 2690
1346 6570349 485
1347 6570834 3176
1348 6574010 2124
1349 6576134 10207
1350 6586341 1140
1351 6587481 1356
1352 6588837 5195
1353 6594032 6668
1354 6600700 7839
1355 6608539 1431
1356 6609970 1785
1357 6611755 2259
1358 6614014 3427
1359 6617441 1971
1360 6619412 2115
1361 6621527 6062
1362 6627589 2089
1363 6629678 1470
1364 6631148 1120
1365 6632268 3191
1366 6635459 6328
1367 6641787 1997
1368 6643784 2405
1369 6646189 2622
1370 6648811 2626
1371 6651437 3616
1372 6655053 1426
1373 6656479 8509
1374 6664988 3923
1375 6668911 1493
1376 6670404 10459
1377 6680863 7216
1378 6688079 3373
1379 6691452 6509
1380 6697961 4386
1381 6702347 4675
1382 6707022 3007
1383 6710029 1334
1384 6711363 3087
1385 6714450 1970
1386 6716420 1683
1387 6718103 1729
1388 6719832 3367
1389 6723199 2078
1390 6725277 2143
1391 6727420 997
1392 6728417 1907
1393 6730324 3971
1394 6734295 2212
1395 6736507 5412
1396 6741919 1758
1397 6743677 1910
1398 6745587 2558
1399 6748145 2393
1400 6750538 2200
1401 6752738 1807
1402 6754545 2397
1403 6756942 4968
1404 6761910 1642
1405 6763552 13689
1406 6777241 5386
1407 6782627 990
1408 6783617 14519
1409 6798136 1868
1410 6800004 1619
1411 6801623 1109
1412 6802732 1531
1413 6804263 1778
1414 6806041 6092
1415 6812133 3002
1416 6815135 3092
1417 6818227 2400
1418 6820627 1968
1419 6822595 2864
1420 6825459 5417
1421 6830876 15406
1422 6846282 7253
1423 6853535 3369
1424 6856904 3248
1425 6860152 2554
1426 6862706 2974
1427 6865680 1356
1428 6867036 2311
1429 6869347 5287
1430 6874634 1625
1431 6876259 1310
1432 6877569 2004
1433 6879573 2617
1434 6882190 1509
1435 6883699 1503
1436 6885202 1408
1437 6886610 2504
1438 6889114 9671
1439 6898785 2038
1440 6900823 2664
1441 6903487 3206
1442 6906693 3481
1443 6910174 8397
1444 6918571 2156
1445 6920727 1745
1446 6922472 1084
1447 6923556 1074
1448 6924630 1387
1449 6926017 5379
1450 6931396 5011
1451 6936407 2170
1452 6938577 1757
1453 6940334 4035
1454 6944369 2338
1455 6946707 2275
1456 6948982 7689
1457 6956671 1334
1458 6958005 1493
1459 6959498 4298
1460 6963796 1282
1461 6965078 1250
1462 6966328 1427
1463 6967755 1704
1464 6969459 5202
1465 6974661 2541
1466 6977202 1391
1467 6978593 10949
1468 6989542 3847
1469 6993389 9594
1470 7002983 3803
1471 7006786 1584
1472 7008370 2131
1473 7010501 7050
1474 7017551 1882
1475 7019433 7380
1476 7026813 3404
1477 7030217 1937
1478 7032154 12905
1479 7045059 4694
1480 7049753 1393
1481 7051146 2491
1482 7053637 2338
1483 7055975 2170
1484 7058145 3623
1485 7061768 1397
1486 7063165 11062
1487 7074227 1186
1488 7075413 688
1489 7076101 4776
1490 7080877 2057
1491 7082934 1311
1492 7084245 918
1493 7085163 3132
1494 7088295 1911
1495 7090206 2894
1496 7093100 987
1497 7094087 1337
1498 7095424 1372
1499 7096796 544
1500 7097340 4974
1501 7102314 3261
1502 7105575 2227
1503 7107802 876
1504 7108678 802
1505 7109480 1261
1506 7110741 1607
1507 7112348 784
1508 7113132 1701
1509 7114833 570
1510 7115403 1858
1511 7117261 2488
1512 7119749 2339
1513 7122088 2704
1514 7124792 1666
1515 7126458 638
1516 7127096 2177
1517 7129273 2213
1518 7131486 2217
1519 7133703 2340
1520 7136043 2152
1521 7138195 498
1522 7138693 2445
1523 7141138 1250
1524 7142388 3118
1525 7145506 1576
1526 7147082 723
1527 7147805 1061
1528 7148866 5122
1529 7153988 9807
1530 7163795 1668
1531 7165463 757
1532 7166220 742
1533 7166962 2936
1534 7169898 1886
1535 7171784 2327
1536 7174111 3198
1537 7177309 2908
1538 7180217 2971
1539 7183188 3023
1540 7186211 2453
1541 7188664 2484
1542 7191148 2553
1543 7193701 869
1544 7194570 1611
1545 7196181 5845
1546 7202026 2593
1547 7204619 1303
1548 7205922 2060
1549 7207982 1595
1550 7209577 2913
1551 7212490 5818
1552 7218308 1210
1553 7219518 2837
1554 7222355 1859
1555 7224214 1252
1556 7225466 1136
1557 7226602 1793
1558 7228395 6007
1559 7234402 3455
1560 7237857 1610
1561 7239467 628
1562 7240095 2719
1563 7242814 914
1564 7243728 5776
1565 7249504 5226
1566 7254730 1628
1567 7256358 779
1568 7257137 808
1569 7257945 2500
1570 7260445 5815
1571 7266260 3754
1572 7270014 3730
1573 7273744 3688
1574 7277432 4069
1575 7281501 3853
1576 7285354 3772
1577 7289126 644
1578 7289770 5835
1579 7295605 700
1580 7296305 2820
1581 7299125 2883
1582 7302008 1108
1583 7303116 1291
1584 7304407 7596
1585 7312003 1500
1586 7313503 2312
1587 7315815 2112
1588 7317927 1473
1589 7319400 999
1590 7320399 1718
1591 7322117 2638
1592 7324755 17056
1593 7341811 1562
1594 7343373 4863
1595 7348236 2124
1596 7350360 2835
1597 7353195 6295
1598 7359490 549
1599 7360039 4049
1600 7364088 2057
1601 7366145 1228
1602 7367373 4674
1603 7372047 869
1604 7372916 2133
1605 7375049 1911
1606 7376960 4198
1607 7381158 4711
1608 7385869 9253
1609 7395122 4146
1610 7399268 2722
1611 7401990 860
1612 7402850 825
1613 7403675 924
1614 7404599 1068
1615 7405667 8514
1616 7414181 4233
1617 7418414 12866
1618 7431280 4583
1619 7435863 2380
1620 7438243 2436
1621 7440679 668
1622 7441347 1385
1623 7442732 10091
1624 7452823 21770
1625 7474593 880
1626 7475473 3522
1627 7478995 1431
1628 7480426 1076
1629 7481502 5768
1630 7487270 1221
1631 7488491 919
1632 7489410 10829
1633 7500239 1364
1634 7501603 17734
1635 7519337 9482
1636 7528819 2852
1637 7531671 1364
1638 7533035 4607
1639 7537642 5964
1640 7543606 1068
1641 7544674 886
1642 7545560 2310
1643 7547870 8174
1644 7556044 3263
1645 7559307 1850
1646 7561157 538
1647 7561695 1556
1648 7563251 2284
1649 7565535 5942
1650 7571477 1338
1651 7572815 3176
1652 7575991 1248
1653 7577239 1322
1654 7578561 1112
1655 7579673 5544
1656 7585217 938
1657 7586155 4372
1658 7590527 351
1659 7590878 8883
1660 7599761 3598
1661 7603359 1614
1662 7604973 1346
1663 7606319 6403
1664 7612722 4080
1665 7616802 1258
1666 7618060 2951
1667 7621011 2664
1668 7623675 1787
1669 7625462 4118
1670 7629580 12824
1671 7642404 1482
1672 7643886 4037
1673 7647923 3587
1674 7651510 1372
1675 7652882 1095
1676 7653977 3966
1677 7657943 6880
1678 7664823 1591
1679 7666414 1525
1680 7667939 1460
1681 7669399 2438
1682 7671837 2165
1683 7674002 1754
1684 7675756 1771
1685 7677527 1162
1686 7678689 1643
1687 7680332 812
1688 7681144 7028
1689 7688172 8135
1690 7696307 1484
1691 7697791 1090
1692 7698881 4674
1693 7703555 2429
1694 7705984 1172
1695 7707156 6441
1696 7713597 1777
1697 7715374 7558
1698 7722932 2172
1699 7725104 6395
1700 7731499 3998
1701 7735497 1398
1702 7736895 8338
1703 7745233 6899
1704 7752132 9534
1705 7761666 3647
1706 7765313 2230
1707 7767543 3396
1708 7770939 4733
1709 7775672 1686
1710 7777358 1630
1711 7778988 2827
1712 7781815 954
1713 7782769 1131
1714 7783900 15584
1715 7799484 6439
1716 7805923 13970
1717 7819893 743
1718 7820636 2058
1719 7822694 2615
1720 7825309 2791
1721 7828100 1784
1722 7829884 20070
1723 7849954 9045
1724 7858999 3578
1725 7862577 3560
1726 7866137 3401
1727 7869538 3368
1728 7872906 436
1729 7873342 2553
1730 7875895 2915
1731 7878810 4114
1732 7882924 2975
1733 7885899 935
1734 7886834 3852
1735 7890686 28642
1736 7919328 4220
1737 7923548 7407
1738 7930955 9337
1739 7940292 30318
1740 7970610 19689
1741 7990299 956
1742 7991255 622
1743 7991877 2330
1744 7994207 1620
1745 7995827 4971
1746 8000798 3321
1747 8004119 4054
1748 8008173 2506
1749 8010679 4597
1750 8015276 1150
1751 8016426 2009
1752 8018435 675
1753 8019110 427
1754 8019537 9925
1755 8029462 2306
1756 8031768 859
1757 8032627 3548
1758 8036175 937
1759 8037112 2591
1760 8039703 3129
1761 8042832 336
1762 8043168 7220
1763 8050388 19037
1764 8069425 5708
1765 8075133 1308
1766 8076441 2185
1767 8078626 2353
1768 8080979 2614
1769 8083593 3653
1770 8087246 2364
1771 8089610 22101
1772 8111711 858
1773 8112569 401
1774 8112970 1157
1775 8114127 3850
1776 8117977 1141
1777 8119118 3544
1778 8122662 3256
1779 8125918 1583
1780 8127501 1352
1781 8128853 2022
1782 8130875 2163
1783 8133038 1319
1784 8134357 3901
1785 8138258 558
1786 8138816 6476
1787 8145292 2580
1788 8147872 3678
1789 8151550 826
1790 8152376 1277
1791 8153653 2423
1792 8156076 695
1793 8156771 794
1794 8157565 5023
1795 8162588 3699
1796 8166287 2018
1797 8168305 3234
1798 8171539 2879
1799 8174418 7595
1800 8182013 428
1801 8182441 530
1802 8182971 11278
1803 8194249 4509
1804 8198758 3694
1805 8202452 9044
1806 8211496 3425
1807 8214921 2069
1808 8216990 2019
1809 8219009 7149
1810 8226158 6482
1811 8232640 3708
1812 8236348 2264
1813 8238612 14987
1814 8253599 6432
1815 8260031 1346
1816 8261377 1993
1817 8263370 2955
1818 8266325 2602
1819 8268927 2154
1820 8271081 1606
1821 8272687 758
1822 8273445 1408
1823 8274853 752
1824 8275605 404
1825 8276009 4005
1826 8280014 3080
1827 8283094 4182
1828 8287276 7625
1829 8294901 5455
1830 8300356 1373
1831 8301729 1190
1832 8302919 946
1833 8303865 1876
1834 8305741 2437
1835 8308178 5514
1836 8313692 2528
1837 8316220 8118
1838 8324338 2488
1839 8326826 933
1840 8327759 864
1841 8328623 1660
1842 8330283 2256
1843 8332539 7304
1844 8339843 1658
1845 8341501 4786
1846 8346287 2474
1847 8348761 3655
1848 8352416 2710
1849 8355126 6986
1850 8362112 2321
1851 8364433 3040
1852 8367473 4622
1853 8372095 2540
1854 8374635 2902
1855 8377537 1923
1856 8379460 1292
1857 8380752 4755
1858 8385507 1652
1859 8387159 1021
1860 8388180 1620
1861 8389800 1818
1862 8391618 4627
1863 8396245 1691
1864 8397936 2703
1865 8400639 9367
1866 8410006 1895
1867 8411901 2652
1868 8414553 9108
1869 8423661 3569
1870 8427230 6176
1871 8433406 3387
1872 8436793 2974
1873 8439767 7900
1874 8447667 1752
1875 8449419 2219
1876 8451638 1665
1877 8453303 981
1878 8454284 2406
1879 8456690 1697
1880 8458387 1799
1881 8460186 15097
1882 8475283 7405
1883 8482688 3161
1884 8485849 1693
1885 8487542 1429
1886 8488971 7706
1887 8496677 2010
1888 8498687 2132
1889 8500819 1802
1890 8502621 1704
1891 8504325 2095
1892 8506420 1175
1893 8507595 800
1894 8508395 1114
1895 8509509 2957
1896 8512466 4429
1897 8516895 9697
1898 8526592 2209
1899 8528801 3184
1900 8531985 2119
1901 8534104 2300
1902 8536404 27061
1903 8563465 1913
1904 8565378 1793
1905 8567171 5393
1906 8572564 5483
1907 8578047 2520
1908 8580567 3431
1909 8583998 4795
1910 8588793 3746
1911 8592539 3399
1912 8595938 15507
1913 8611445 4163
1914 8615608 3616
1915 8619224 10176
1916 8629400 1701
1917 8631101 1522
1918 8632623 5887
1919 8638510 10979
1920 8649489 5273
1921 8654762 3875
1922 8658637 2218
1923 8660855 687
1924 8661542 1553
1925 8663095 4672
1926 8667767 2758
1927 8670525 1974
1928 8672499 8814
1929 8681313 6294
1930 8687607 5214
1931 8692821 1995
1932 8694816 6497
1933 8701313 2991
1934 8704304 2961
1935 8707265 7533
1936 8714798 1719
1937 8716517 2139
1938 8718656 2614
1939 8721270 1721
1940 8722991 7637
1941 8730628 3403
1942 8734031 3060
1943 8737091 1922
1944 8739013 5597
1945 8744610 8208
1946 8752818 3230
1947 8756048 600
1948 8756648 3679
1949 8760327 5146
1950 8765473 6932
1951 8772405 944
1952 8773349 2386
1953 8775735 4391
1954 8780126 3575
1955 8783701 2928
1956 8786629 5649
1957 8792278 5111
1958 8797389 7377
1959 8804766 1147
1960 8805913 3962
1961 8809875 1370
1962 8811245 3316
1963 8814561 4405
1964 8818966 4899
1965 8823865 2368
1966 8826233 6102
1967 8832335 2302
1968 8834637 1731
1969 8836368 15335
1970 8851703 9320
1971 8861023 5416
1972 8866439 1394
1973 8867833 5719
1974 8873552 1416
1975 8874968 4656
1976 8879624 4632
1977 8884256 9791
1978 8894047 1754
1979 8895801 3500
1980 8899301 9620
1981 8908921 3932
1982 8912853 7919
1983 8920772 13802
1984 8934574 3820
1985 8938394 14114
1986 8952508 5422
1987 8957930 4117
1988 8962047 12681
1989 8974728 16863
1990 8991591 12226
1991 9003817 22499
1992 9026316 43493
1993 9069809 15794
1994 9085603 28286
1995 9113889 3916
1996 9117805 33605
1997 9151410 2400
1998 9153810 2283
1999 9156093 15058
2000 9171151 10951
2001 9182102 7822
2002 9189924 9435
2003 9199359 2483
2004 9201842 6074
2005 9207916 8349
2006 9216265 14041
2007 9230306 13320
2008 9243626 28290
2009 9271916 15775
2010 9287691 13736
2011 9301427 25076
2012 9326503 369
2013 9326872 30130
2014 9357002 22048
2015 9379050 2866
2016 9381916 16277
2017 9398193 4113
2018 9402306 63861
2019 9466167 94243
2020 9560410 14129
2021 9574539 13213
2022 9587752 30010
2023 9617762 3714
2024 9621476 10058
2025 9631534 17180
2026 9648714 42236
2027 9690950 93892
2028 9784842 316
2029 9785158 336
2030 9785494 14069
2031 9799563 13352
2032 9812915 289
2033 9813204 325
2034 9813529 1742
2035 9815271 28289
2036 9843560 55722
2037 9899282 5401
2038 9904683 8905
2039 9913588 7663
2040 9921251 6491
2041 9927742 94265
2042 10022007 7097
2043 10029104 5514
2044 10034618 5379
2045 10039997 6906
2046 10046903 6935
2047 10053838 11870
2048 10065708 17422
2049 10083130 3184
2050 10086314 3791
2051 10090105 5450
2052 10095555 10496
2053 10106051 7495
2054 10113546 8431
2055 10121977 24899
2056 10146876 15704
2057 10162580 5541
2058 10168121 5240
2059 10173361 3527
2060 10176888 3520
2061 10180408 2981
2062 10183389 3626
2063 10187015 15088
2064 10202103 11915
2065 10214018 13934
2066 10227952 14239
2067 10242191 5055
2068 10247246 3707
2069 10250953 5339
2070 10256292 10086
2071 10266378 7576
2072 10273954 8574
2073 10282528 16986
2074 10299514 15712
2075 10315226 5542
2076 10320768 5559
2077 10326327 5269
2078 10331596 11859
2079 10343455 3824
2080 10347279 5333
2081 10352612 10066
2082 10362678 7531
2083 10370209 8422
2084 10378631 17224
2085 10395855 15742
2086 10411597 5658
2087 10417255 5333
2088 10422588 6922
2089 10429510 16388
2090 10445898 11855
2091 10457753 3413
2092 10461166 3665
2093 10464831 5470
2094 10470301 7578
2095 10477879 23813
2096 10501692 5600
2097 10507292 5268
2098 10512560 9208
2099 10521768 11935
2100 10533703 3650
2101 10537353 7546
2102 10544899 17711
2103 10562610 15781
2104 10578391 5635
2105 10584026 5229
2106 10589255 9307
2107 10598562 8971
2108 10607533 3200
2109 10610733 3671
2110 10614404 17214
2111 10631618 15780
2112 10647398 9224
2113 10656622 5617
2114 10662239 5277
2115 10667516 3433
2116 10670949 3854
2117 10674803 10061
2118 10684864 7595
2119 10692459 24710
2120 10717169 15783
2121 10732952 5920
2122 10738872 7109
2123 10745981 5659
2124 10751640 5284
2125 10756924 3678
2126 10760602 3606
2127 10764208 10097
2128 10774305 7634
2129 10781939 17585
2130 10799524 15870
2131 10815394 5683
2132 10821077 5358
2133 10826435 4261
2134 10830696 6182
2135 10836878 5835
2136 10842713 10691
2137 10853404 16883
2138 10870287 5305
2139 10875592 17257
2140 10892849 3319
2141 10896168 10107
2142 10906275 3384
2143 10909659 8478
2144 10918137 22820
2145 10940957 15806
2146 10956763 15264
2147 10972027 2578
2148 10974605 9250
2149 10983855 6953
2150 10990808 16361
2151 11007169 15698
2152 11022867 3079
2153 11025946 5365
2154 11031311 57137
2155 11088448 15854
2156 11104302 5819
2157 11110121 5085
2158 11115206 5046
2159 11120252 13184
2160 11133436 3511
2161 11136947 3244
2162 11140191 6837
2163 11147028 3354
2164 11150382 1985
2165 11152367 3150
2166 11155517 2467
2167 11157984 7803
2168 11165787 2680
2169 11168467 2031
2170 11170498 6234
2171 11176732 4262
2172 11180994 4382
2173 11185376 3851
2174 11189227 6904
2175 11196131 3621
2176 11199752 3301
2177 11203053 4641
2178 11207694 5283
2179 11212977 4460
2180 11217437 3436
2181 11220873 4138
2182 11225011 1156
2183 11226167 7964
2184 11234131 4588
2185 11238719 4406
2186 11243125 4391
2187 11247516 4103
2188 11251619 5581
2189 11257200 7815
2190 11265015 2363
2191 11267378 2144
2192 11269522 2967
2193 11272489 2961
2194 11275450 4631
2195 11280081 5446
2196 11285527 3185
2197 11288712 4105
2198 11292817 5477
2199 11298294 4699
2200 11302993 5135
2201 11308128 2507
2202 11310635 2745
2203 11313380 2985
2204 11316365 8279
2205 11324644 1245
2206 11325889 787
2207 11326676 4165
2208 11330841 3361
2209 11334202 1561
2210 11335763 9966
2211 11345729 3085
2212 11348814 8772
2213 11357586 3980
2214 11361566 5262
2215 11366828 4949
2216 11371777 8601
2217 11380378 4814
2218 11385192 3937
2219 11389129 538
2220 11389667 4703
2221 11394370 4411
2222 11398781 3831
2223 11402612 5842
2224 11408454 7234
2225 11415688 6486
2226 11422174 2590
2227 11424764 3377
2228 11428141 984
2229 11429125 22928
2230 11452053 18598
2231 11470651 2600
2232 11473251 8494
2233 11481745 1663
2234 11483408 2411
2235 11485819 7153
2236 11492972 3356
2237 11496328 11031
2238 11507359 2892
2239 11510251 3528
2240 11513779 3239
2241 11517018 4853
2242 11521871 7282
2243 11529153 6920
2244 11536073 6209
2245 11542282 1091
2246 11543373 2802
2247 11546175 3463
2248 11549638 1063
2249 11550701 2454
2250 11553155 1570
2251 11554725 6361
2252 11561086 13642
2253 11574728 2114
2254 11576842 12970
2255 11589812 6487
2256 11596299 2895
2257 11599194 5049
2258 11604243 1980
2259 11606223 9062
2260 11615285 6581
2261 11621866 2497
2262 11624363 6463
2263 11630826 2013
2264 11632839 3133
2265 11635972 6336
2266 11642308 1000
2267 11643308 6657
2268 11649965 954
2269 11650919 1164
2270 11652083 805
2271 11652888 6329
2272 11659217 2861
2273 11662078 5095
2274 11667173 9086
2275 11676259 7371
2276 11683630 1848
2277 11685478 3617
2278 11689095 1526
2279 11690621 658
2280 11691279 3301
2281 11694580 2896
2282 11697476 2234
2283 11699710 5731
2284 11705441 1317
2285 11706758 4429
2286 11711187 709
2287 11711896 2570
2288 11714466 1555
2289 11716021 1152
2290 11717173 2534
2291 11719707 4378
2292 11724085 2943
2293 11727028 5448
2294 11732476 5882
2295 11738358 4481
2296 11742839 2778
2297 11745617 2084
2298 11747701 1086
2299 11748787 824
2300 11749611 2655
2301 11752266 5799
2302 11758065 964
2303 11759029 1824
2304 11760853 1751
2305 11762604 7489
2306 11770093 1223
2307 11771316 2243
2308 11773559 2448
2309 11776007 1410
2310 11777417 599
2311 11778016 5020
2312 11783036 6138
2313 11789174 11640
2314 11800814 1234
2315 11802048 2359
2316 11804407 1281
2317 11805688 2199
2318 11807887 2837
2319 11810724 5203
2320 11815927 2457
2321 11818384 3039
2322 11821423 20096
2323 11841519 2865
2324 11844384 1629
2325 11846013 2263
2326 11848276 1780
2327 11850056 1477
2328 11851533 7367
2329 11858900 4619
2330 11863519 12607
2331 11876126 2429
2332 11878555 1839
2333 11880394 1462
2334 11881856 3125
2335 11884981 1395
2336 11886376 3897
2337 11890273 1147
2338 11891420 1353
2339 11892773 2402
2340 11895175 1976
2341 11897151 2377
2342 11899528 3482
2343 11903010 987
2344 11903997 7336
2345 11911333 5226
2346 11916559 6586
2347 11923145 4450
2348 11927595 3715
2349 11931310 2766
2350 11934076 30939
2351 11965015 3978
2352 11968993 5303
2353 11974296 2861
2354 11977157 1981
2355 11979138 4759
2356 11983897 1242
2357 11985139 2578
2358 11987717 2693
2359 11990410 2761
2360 11993171 1933
2361 11995104 2452
2362 11997556 1570
2363 11999126 1161
2364 12000287 1161
2365 12001448 1153
2366 12002601 1136
2367 12003737 8096
2368 12011833 5562
2369 12017395 1336
2370 12018731 2020
2371 12020751 4771
2372 12025522 6801
2373 12032323 8202
2374 12040525 3932
2375 12044457 1260
2376 12045717 8872
2377 12054589 6032
2378 12060621 2076
2379 12062697 4471
2380 12067168 1958
2381 12069126 2416
2382 12071542 1284
2383 12072826 2937
2384 12075763 2171
2385 12077934 3028
2386 12080962 954
2387 12081916 3784
2388 12085700 2610
2389 12088310 1528
2390 12089838 3423
2391 12093261 1670
2392 12094931 6388
2393 12101319 2482
2394 12103801 2169
2395 12105970 5088
2396 12111058 8584
2397 12119642 5206
2398 12124848 1104
2399 12125952 1479
2400 12127431 2482
2401 12129913 2378
2402 12132291 1836
2403 12134127 3519
2404 12137646 3943
2405 12141589 3771
2406 12145360 453
2407 12145813 13403
2408 12159216 2478
2409 12161694 2100
2410 12163794 2448
2411 12166242 2672
2412 12168914 6399
2413 12175313 8014
2414 12183327 5246
2415 12188573 5964
2416 12194537 4576
2417 12199113 2512
2418 12201625 2500
2419 12204125 7431
2420 12211556 1794
2421 12213350 1937
2422 12215287 653
2423 12215940 494
2424 12216434 617
2425 12217051 2589
2426 12219640 2531
2427 12222171 1934
2428 12224105 5786
2429 12229891 2049
2430 12231940 3837
2431 12235777 2400
2432 12238177 1590
2433 12239767 3025
2434 12242792 1792
2435 12244584 8323
2436 12252907 1712
2437 12254619 1607
2438 12256226 3095
2439 12259321 1196
2440 12260517 601
2441 12261118 1587
2442 12262705 1658
2443 12264363 1584
2444 12265947 8838
2445 12274785 7801
2446 12282586 4453
2447 12287039 2944
2448 12289983 627
2449 12290610 7709
2450 12298319 4067
2451 12302386 12574
2452 12314960 4948
2453 12319908 2547
2454 12322455 6333
2455 12328788 2644
2456 12331432 323
2457 12331755 2373
2458 12334128 3880
2459 12338008 2842
2460 12340850 13585
2461 12354435 7956
2462 12362391 1933
2463 12364324 2804
2464 12367128 1955
2465 12369083 1873
2466 12370956 3495
2467 12374451 2240
2468 12376691 3082
2469 12379773 2015
2470 12381788 1853
2471 12383641 2215
2472 12385856 2961
2473 12388817 2881
2474 12391698 1954
2475 12393652 2628
2476 12396280 3345
2477 12399625 2192
2478 12401817 1935
2479 12403752 1798
2480 12405550 2110
2481 12407660 4526
2482 12412186 3922
2483 12416108 3824
2484 12419932 3031
2485 12422963 2476
2486 12425439 2591
2487 12428030 2356
2488 12430386 2397
2489 12432783 338
2490 12433121 5889
2491 12439010 9978
2492 12448988 2832
2493 12451820 984
2494 12452804 4448
2495 12457252 7196
2496 12464448 323
2497 12464771 3223
2498 12467994 2696
2499 12470690 2403
2500 12473093 2622
2501 12475715 3593
2502 12479308 4378
2503 12483686 2635
2504 12486321 5016
2505 12491337 2774
2506 12494111 8252
2507 12502363 2777
2508 12505140 6312
2509 12511452 2471
2510 12513923 1244
2511 12515167 17865
2512 12533032 9898
2513 12542930 2985
2514 12545915 3268
2515 12549183 5912
2516 12555095 3507
2517 12558602 1966
2518 12560568 3104
2519 12563672 4519
2520 12568191 4400
2521 12572591 3744
2522 12576335 3016
2523 12579351 24600
2524 12603951 11357
2525 12615308 16349
2526 12631657 30752
2527 12662409 3810
2528 12666219 3773
2529 12669992 2441
2530 12672433 2066
2531 12674499 2536
2532 12677035 3462
2533 12680497 2488
2534 12682985 2543
2535 12685528 20292
2536 12705820 8423
2537 12714243 4396
2538 12718639 4500
2539 12723139 4169
2540 12727308 1559
2541 12728867 4511
2542 12733378 1389
2543 12734767 1207
2544 12735974 1505
2545 12737479 7453
2546 12744932 2205
2547 12747137 18052
2548 12765189 8905
2549 12774094 5702
2550 12779796 4050
2551 12783846 3587
2552 12787433 2079
2553 12789512 16399
2554 12805911 4486
2555 12810397 1179
2556 12811576 1953
2557 12813529 1379
2558 12814908 8202
2559 12823110 5198
2560 12828308 6870
2561 12835178 1955
2562 12837133 8231
2563 12845364 7588
2564 12852952 8532
2565 12861484 5004
2566 12866488 6771
2567 12873259 15118
2568 12888377 7568
2569 12895945 5108
2570 12901053 1396
2571 12902449 1597
2572 12904046 2179
2573 12906225 844
2574 12907069 6398
2575 12913467 2159
2576 12915626 8324
2577 12923950 4250
2578 12928200 1903
2579 12930103 5264
2580 12935367 5496
2581 12940863 9143
2582 12950006 4719
2583 12954725 9552
2584 12964277 3799
2585 12968076 1100
2586 12969176 1452
2587 12970628 1385
2588 12972013 9106
2589 12981119 323
2590 12981442 1755
2591 12983197 795
2592 12983992 1482
2593 12985474 12580
2594 12998054 8060
2595 13006114 4105
2596 13010219 5027
2597 13015246 4490
2598 13019736 8967
2599 13028703 5391
2600 13034094 2952
2601 13037046 3137
2602 13040183 1708
2603 13041891 8118
2604 13050009 3716
2605 13053725 14198
2606 13067923 3309
2607 13071232 3903
2608 13075135 4339
2609 13079474 11619
2610 13091093 956
2611 13092049 8030
2612 13100079 6292
2613 13106371 808
2614 13107179 5708
2615 13112887 15726
2616 13128613 942
2617 13129555 6091
2618 13135646 703
2619 13136349 5287
2620 13141636 8088
2621 13149724 1467
2622 13151191 4389
2623 13155580 727
2624 13156307 8939
2625 13165246 1386
2626 13166632 1492
2627 13168124 3277
2628 13171401 1216
2629 13172617 1792
2630 13174409 4569
2631 13178978 1095
2632 13180073 4236
2633 13184309 1839
2634 13186148 2161
2635 13188309 4971
2636 13193280 2645
2637 13195925 2615
2638 13198540 375
2639 13198915 1541
2640 13200456 1514
2641 13201970 2203
2642 13204173 1507
2643 13205680 1095
2644 13206775 2681
2645 13209456 1029
2646 13210485 343
2647 13210828 4591
2648 13215419 1298
2649 13216717 907
2650 13217624 3932
2651 13221556 1354
2652 13222910 3142
2653 13226052 2637
2654 13228689 1303
2655 13229992 1252
2656 13231244 2512
2657 13233756 1211
2658 13234967 8163
2659 13243130 1349
2660 13244479 7429
2661 13251908 3729
2662 13255637 7023
2663 13262660 4936
2664 13267596 1674
2665 13269270 1608
2666 13270878 2051
2667 13272929 1356
2668 13274285 520
2669 13274805 1369
2670 13276174 2311
2671 13278485 1552
2672 13280037 11572
2673 13291609 2067
2674 13293676 830
2675 13294506 932
2676 13295438 1073
2677 13296511 1838
2678 13298349 729
2679 13299078 11585
2680 13310663 1796
2681 13312459 2978
2682 13315437 3759
2683 13319196 963
2684 13320159 2223
2685 13322382 1242
2686 13323624 4776
2687 13328400 324
2688 13328724 7069
2689 13335793 1056
2690 13336849 1795
2691 13338644 2580
2692 13341224 1498
2693 13342722 1259
2694 13343981 6693
2695 13350674 3553
2696 13354227 1020
2697 13355247 3548
2698 13358795 1666
2699 13360461 3009
2700 13363470 1333
2701 13364803 522
2702 13365325 789
2703 13366114 4850
2704 13370964 1247
2705 13372211 6460
2706 13378671 2705
2707 13381376 457
2708 13381833 4256
2709 13386089 534
2710 13386623 1500
2711 13388123 2139
2712 13390262 2809
2713 13393071 3189
2714 13396260 1389
2715 13397649 1547
2716 13399196 1149
2717 13400345 1464
2718 13401809 2363
2719 13404172 604
2720 13404776 2709
2721 13407485 741
2722 13408226 5966
2723 13414192 3342
2724 13417534 8959
2725 13426493 4031
2726 13430524 2057
2727 13432581 3438
2728 13436019 7604
2729 13443623 2648
2730 13446271 2745
2731 13449016 9676
2732 13458692 19353
2733 13478045 3124
2734 13481169 2761
2735 13483930 5384
2736 13489314 2269
2737 13491583 4275
2738 13495858 6604
2739 13502462 978
2740 13503440 4897
2741 13508337 8296
2742 13516633 5363
2743 13521996 6694
2744 13528690 938
2745 13529628 3803
2746 13533431 2967
2747 13536398 3602
2748 13540000 2558
2749 13542558 3718
2750 13546276 4704
2751 13550980 9648
2752 13560628 9655
2753 13570283 11547
2754 13581830 2171
2755 13584001 4814
2756 13588815 3036
2757 13591851 1666
2758 13593517 5804
2759 13599321 2049
2760 13601370 1941
2761 13603311 8410
2762 13611721 8813
2763 13620534 2776
2764 13623310 4511
2765 13627821 3166
2766 13630987 1962
2767 13632949 10667
2768 13643616 6300
2769 13649916 4901
2770 13654817 5324
2771 13660141 1338
2772 13661479 1874
2773 13663353 3623
2774 13666976 3722
2775 13670698 2551
2776 13673249 7706
2777 13680955 7023
2778 13687978 6506
2779 13694484 8820
2780 13703304 3171
2781 13706475 2831
2782 13709306 1864
2783 13711170 7081
2784 13718251 3432
2785 13721683 2671
2786 13724354 1183
2787 13725537 11657
2788 13737194 10861
2789 13748055 9922
2790 13757977 6957
2791 13764934 8957
2792 13773891 2313
2793 13776204 540
2794 13776744 2795
2795 13779539 643
2796 13780182 6393
2797 13786575 4320
2798 13790895 2342
2799 13793237 9213
2800 13802450 6541
2801 13808991 1582
2802 13810573 7434
2803 13818007 2753
2804 13820760 7704
2805 13828464 4495
2806 13832959 2960
2807 13835919 6330
2808 13842249 9274
2809 13851523 2994
2810 13854517 4406
2811 13858923 3918
2812 13862841 1736
2813 13864577 6538
2814 13871115 5495
2815 13876610 5254
2816 13881864 8050
2817 13889914 1858
2818 13891772 2840
2819 13894612 1047
2820 13895659 1103
2821 13896762 2178
2822 13898940 1949
2823 13900889 6224
2824 13907113 648
2825 13907761 3098
2826 13910859 1275
2827 13912134 2318
2828 13914452 1130
2829 13915582 3497
2830 13919079 4129
2831 13923208 4345
2832 13927553 6305
2833 13933858 3772
2834 13937630 729
2835 13938359 4294
2836 13942653 4098
2837 13946751 554
2838 13947305 1016
2839 13948321 1601
2840 13949922 3672
2841 13953594 3606
2842 13957200 4821
2843 13962021 2715
2844 13964736 2096
2845 13966832 3148
2846 13969980 819
2847 13970799 3165
2848 13973964 2402
2849 13976366 2691
2850 13979057 2567
2851 13981624 4088
2852 13985712 2059
2853 13987771 1879
2854 13989650 4453
2855 13994103 1440
2856 13995543 4442
2857 13999985 3899
2858 14003884 5698
2859 14009582 4548
2860 14014130 6461
2861 14020591 2556
2862 14023147 3465
2863 14026612 2730
2864 14029342 781
2865 14030123 9133
2866 14039256 2222
2867 14041478 2538
2868 14044016 2408
2869 14046424 1364
2870 14047788 2963
2871 14050751 10189
2872 14060940 1294
2873 14062234 3986
2874 14066220 1142
2875 14067362 474
2876 14067836 10813
2877 14078649 1853
2878 14080502 3381
2879 14083883 3360
2880 14087243 9710
2881 14096953 2202
2882 14099155 1129
2883 14100284 798
2884 14101082 1072
2885 14102154 1850
2886 14104004 8539
2887 14112543 3473
2888 14116016 6363
2889 14122379 4832
2890 14127211 5628
2891 14132839 1724
2892 14134563 5378
2893 14139941 1709
2894 14141650 1728
2895 14143378 6820
2896 14150198 2802
2897 14153000 1514
2898 14154514 2084
2899 14156598 2598
2900 14159196 2595
2901 14161791 3798
2902 14165589 8090
2903 14173679 11554
2904 14185233 2052
2905 14187285 3612
2906 14190897 5174
2907 14196071 5339
2908 14201410 5167
2909 14206577 6345
2910 14212922 1038
2911 14213960 7203
2912 14221163 2948
2913 14224111 4224
2914 14228335 6429
2915 14234764 2890
2916 14237654 1599
2917 14239253 2926
2918 14242179 3406
2919 14245585 1777
2920 14247362 5559
2921 14252921 9077
2922 14261998 2298
2923 14264296 8425
2924 14272721 6803
2925 14279524 6465
2926 14285989 3694
2927 14289683 3387
2928 14293070 2893
2929 14295963 3419
2930 14299382 475
2931 14299857 2173
2932 14302030 3931
2933 14305961 2915
2934 14308876 3584
2935 14312460 2701
2936 14315161 6566
2937 14321727 9427
2938 14331154 8444
2939 14339598 10531
2940 14350129 9698
2941 14359827 10280
2942 14370107 7962
2943 14378069 5478
2944 14383547 6248
2945 14389795 3555
2946 14393350 3994
2947 14397344 1562
2948 14398906 1667
2949 14400573 3156
2950 14403729 3518
2951 14407247 5941
2952 14413188 4598
2953 14417786 3488
2954 14421274 11608
2955 14432882 5156
2956 14438038 4810
2957 14442848 1075
2958 14443923 4171
2959 14448094 3662
2960 14451756 3447
2961 14455203 4562
2962 14459765 7990
2963 14467755 2250
2964 14470005 5542
2965 14475547 4382
2966 14479929 6536
2967 14486465 4794
2968 14491259 2172
2969 14493431 2148
2970 14495579 1498
2971 14497077 3318
2972 14500395 4600
2973 14504995 4139
2974 14509134 6240
2975 14515374 8582
2976 14523956 1858
2977 14525814 5785
2978 14531599 7279
2979 14538878 1290
2980 14540168 3425
2981 14543593 4112
2982 14547705 1631
2983 14549336 7299
2984 14556635 2759
2985 14559394 10144
2986 14569538 4297
2987 14573835 5809
2988 14579644 819
2989 14580463 3761
2990 14584224 1980
2991 14586204 4336
2992 14590540 5480
2993 14596020 3036
2994 14599056 2768
2995 14601824 3761
2996 14605585 2143
2997 14607728 4027
2998 14611755 13158
2999 14624913 2534
3000 14627447 1938
3001 14629385 3642
3002 14633027 3885
3003 14636912 3895
3004 14640807 1916
3005 14642723 5458
3006 14648181 6896
3007 14655077 2528
3008 14657605 4602
3009 14662207 1523
3010 14663730 2504
3011 14666234 2693
3012 14668927 834
3013 14669761 5381
3014 14675142 289
3015 14675431 858
3016 14676289 3597
3017 14679886 5946
3018 14685832 1258
3019 14687090 1405
3020 14688495 2407
3021 14690902 2223
3022 14693125 4081
3023 14697206 1160
3024 14698366 1804
3025 14700170 2023
3026 14702193 3147
3027 14705340 7164
3028 14712504 8633
3029 14721137 3987
3030 14725124 4018
3031 14729142 4648
3032 14733790 3924
3033 14737714 1178
3034 14738892 4237
3035 14743129 2729
3036 14745858 1737
3037 14747595 4061
3038 14751656 3897
3039 14755553 2911
3040 14758464 1311
3041 14759775 3187
3042 14762962 7712
3043 14770674 19095
3044 14789769 2218
3045 14791987 3806
3046 14795793 1668
3047 14797461 4274
3048 14801735 8875
3049 14810610 3165
3050 14813775 8732
3051 14822507 5789
3052 14828296 2188
3053 14830484 1235
3054 14831719 3885
3055 14835604 1686
3056 14837290 3461
3057 14840751 2827
3058 14843578 6314
3059 14849892 1828
3060 14851720 6776
3061 14858496 3695
3062 14862191 10456
3063 14872647 4584
3064 14877231 3546
3065 14880777 6474
3066 14887251 9660
3067 14896911 1614
3068 14898525 2799
3069 14901324 4581
3070 14905905 8735
3071 14914640 1607
3072 14916247 4837
3073 14921084 1314
3074 14922398 5536
3075 14927934 1259
3076 14929193 1975
3077 14931168 2683
3078 14933851 2439
3079 14936290 1235
3080 14937525 6839
3081 14944364 3188
3082 14947552 2615
3083 14950167 5263
3084 14955430 1936
3085 14957366 2591
3086 14959957 4796
3087 14964753 4749
3088 14969502 4508
3089 14974010 3109
3090 14977119 7716
3091 14984835 5834
3092 14990669 3550
3093 14994219 3365
3094 14997584 2387
3095 14999971 3516
3096 15003487 2196
3097 15005683 2061
3098 15007744 9210
3099 15016954 5431
3100 15022385 7547
3101 15029932 5463
3102 15035395 4881
3103 15040276 8289
3104 15048565 11974
3105 15060539 6354
3106 15066893 1455
3107 15068348 1880
3108 15070228 998
3109 15071226 5322
3110 15076548 2975
3111 15079523 693
3112 15080216 4213
3113 15084429 838
3114 15085267 3171
3115 15088438 756
3116 15089194 943
3117 15090137 4251
3118 15094388 1298
3119 15095686 1830
3120 15097516 1171
3121 15098687 1659
3122 15100346 901
3123 15101247 2521
3124 15103768 4407
3125 15108175 4705
3126 15112880 1133
3127 15114013 2265
3128 15116278 979
3129 15117257 1995
3130 15119252 1216
3131 15120468 1506
3132 15121974 577
3133 15122551 3988
3134 15126539 1471
3135 15128010 4834
3136 15132844 2505
3137 15135349 2089
3138 15137438 2511
3139 15139949 2262
3140 15142211 3507
3141 15145718 1695
3142 15147413 1145
3143 15148558 2629
3144 15151187 2048
3145 15153235 1918
3146 15155153 4313
3147 15159466 14619
3148 15174085 2145
3149 15176230 6608
3150 15182838 13751
3151 15196589 9082
3152 15205671 3726
3153 15209397 4627
3154 15214024 3660
3155 15217684 5692
3156 15223376 1711
3157 15225087 4007
3158 15229094 1912
3159 15231006 9784
3160 15240790 6507
3161 15247297 2473
3162 15249770 4549
3163 15254319 7571
3164 15261890 2106
3165 15263996 3725
3166 15267721 4333
3167 15272054 1106
3168 15273160 2234
3169 15275394 3769
3170 15279163 1664
3171 15280827 527
3172 15281354 4163
3173 15285517 6085
3174 15291602 1751
3175 15293353 3606
3176 15296959 2468
3177 15299427 5793
3178 15305220 7779
3179 15312999 4952
3180 15317951 920
3181 15318871 1286
3182 15320157 2046
3183 15322203 4078
3184 15326281 3507
3185 15329788 619
3186 15330407 4072
3187 15334479 2923
3188 15337402 2866
3189 15340268 3518
3190 15343786 5625
3191 15349411 4660
3192 15354071 5107
3193 15359178 2720
3194 15361898 9181
3195 15371079 9419
3196 15380498 5561
3197 15386059 7368
3198 15393427 2621
3199 15396048 8379
3200 15404427 1321
3201 15405748 1897
3202 15407645 3101
3203 15410746 4573
3204 15415319 2038
3205 15417357 1214
3206 15418571 1234
3207 15419805 5302
3208 15425107 2796
3209 15427903 4029
3210 15431932 1151
3211 15433083 2037
3212 15435120 1352
3213 15436472 2907
3214 15439379 1599
3215 15440978 752
3216 15441730 547
3217 15442277 876
3218 15443153 687
3219 15443840 548
3220 15444388 586
3221 15444974 1356
3222 15446330 3539
3223 15449869 3754
3224 15453623 527
3225 15454150 2100
3226 15456250 1353
3227 15457603 3411
3228 15461014 3283
3229 15464297 5339
3230 15469636 3025
3231 15472661 3826
3232 15476487 3305
3233 15479792 3054
3234 15482846 1950
3235 15484796 3213
3236 15488009 3792
3237 15491801 10090
3238 15501891 3839
3239 15505730 3463
3240 15509193 4233
3241 15513426 1532
3242 15514958 1473
3243 15516431 2368
3244 15518799 1965
3245 15520764 3117
3246 15523881 2403
3247 15526284 774
3248 15527058 3242
3249 15530300 779
3250 15531079 6229
3251 15537308 6371
3252 15543679 5749
3253 15549428 10760
3254 15560188 4324
3255 15564512 3060
3256 15567572 6110
3257 15573682 6091
3258 15579773 1705
3259 15581478 6484
3260 15587962 3287
3261 15591249 6722
3262 15597971 9046
3263 15607017 1437
3264 15608454 2922
3265 15611376 1787
3266 15613163 6025
3267 15619188 6805
3268 15625993 6315
3269 15632308 6437
3270 15638745 9712
3271 15648457 9753
3272 15658210 1193
3273 15659403 726
3274 15660129 1159
3275 15661288 3809
3276 15665097 681
3277 15665778 5539
3278 15671317 1404
3279 15672721 2793
3280 15675514 2330
3281 15677844 5540
3282 15683384 12230
3283 15695614 2609
3284 15698223 26098
3285 15724321 3723
3286 15728044 4048
3287 15732092 12443
3288 15744535 4414
3289 15748949 3904
3290 15752853 14664
3291 15767517 12286
3292 15779803 3688
3293 15783491 1649
3294 15785140 9115
3295 15794255 1816
3296 15796071 725
3297 15796796 3244
3298 15800040 2869
3299 15802909 5832
3300 15808741 9631
3301 15818372 4056
3302 15822428 1147
3303 15823575 1798
3304 15825373 5513
3305 15830886 4610
3306 15835496 4556
3307 15840052 4407
3308 15844459 4383
3309 15848842 3688
3310 15852530 6177
3311 15858707 4204
3312 15862911 1118
3313 15864029 747
3314 15864776 8857
3315 15873633 3967
3316 15877600 7020
3317 15884620 1525
3318 15886145 2491
3319 15888636 1100
3320 15889736 1038
3321 15890774 1029
3322 15891803 5340
3323 15897143 11012
3324 15908155 760
3325 15908915 679
3326 15909594 4031
3327 15913625 10103
3328 15923728 3123
3329 15926851 865
3330 15927716 640
3331 15928356 1001
3332 15929357 739
3333 15930096 1766
3334 15931862 12312
3335 15944174 4340
3336 15948514 3624
3337 15952138 1115
3338 15953253 6225
3339 15959478 9223
3340 15968701 11716
3341 15980417 2092
3342 15982509 6521
3343 15989030 5836
3344 15994866 5997
3345 16000863 1242
3346 16002105 10001
3347 16012106 5523
3348 16017629 3056
3349 16020685 2009
3350 16022694 2336
3351 16025030 1839
3352 16026869 1433
3353 16028302 1513
3354 16029815 1578
3355 16031393 1652
3356 16033045 3474
3357 16036519 2564
3358 16039083 15292
3359 16054375 6169
3360 16060544 2569
3361 16063113 2774
3362 16065887 1397
3363 16067284 4990
3364 16072274 1415
3365 16073689 1711
3366 16075400 1849
3367 16077249 2889
3368 16080138 8182
3369 16088320 7533
3370 16095853 3504
3371 16099357 9764
3372 16109121 1658
3373 16110779 965
3374 16111744 1038
3375 16112782 15106
3376 16127888 7804
3377 16135692 2872
3378 16138564 2748
3379 16141312 1226
3380 16142538 11876
3381 16154414 5370
3382 16159784 5913
3383 16165697 1779
3384 16167476 22684
3385 16190160 1520
3386 16191680 6634
3387 16198314 6726
3388 16205040 8232
3389 16213272 3728
3390 16217000 5033
3391 16222033 3513
3392 16225546 1901
3393 16227447 1004
3394 16228451 1423
3395 16229874 1182
3396 16231056 2111
3397 16233167 1311
3398 16234478 1750
3399 16236228 1820
3400 16238048 2194
3401 16240242 1816
3402 16242058 7679
3403 16249737 18367
3404 16268104 3891
3405 16271995 4423
3406 16276418 3358
3407 16279776 3561
3408 16283337 10525
3409 16293862 4077
3410 16297939 1231
3411 16299170 906
3412 16300076 1518
3413 16301594 979
3414 16302573 1987
3415 16304560 4476
3416 16309036 1644
3417 16310680 6256
3418 16316936 7712
3419 16324648 2007
3420 16326655 4017
3421 16330672 2687
3422 16333359 4785
3423 16338144 8862
3424 16347006 4991
3425 16351997 7989
3426 16359986 4799
3427 16364785 10053
3428 16374838 2226
3429 16377064 1631
3430 16378695 2115
3431 16380810 1890
3432 16382700 2451
3433 16385151 2909
3434 16388060 2597
3435 16390657 13316
3436 16403973 2504
3437 16406477 2275
3438 16408752 3101
3439 16411853 10175
3440 16422028 9667
3441 16431695 4735
3442 16436430 7015
3443 16443445 3675
3444 16447120 3442
3445 16450562 2862
3446 16453424 5893
3447 16459317 3099
3448 16462416 5874
3449 16468290 4788
3450 16473078 13750
3451 16486828 3846
3452 16490674 2985
3453 16493659 1639
3454 16495298 8124
3455 16503422 5707
3456 16509129 12518
3457 16521647 3831
3458 16525478 2220
3459 16527698 5483
3460 16533181 7943
3461 16541124 10158
3462 16551282 3618
3463 16554900 3404
3464 16558304 2200
3465 16560504 3799
3466 16564303 2046
3467 16566349 1499
3468 16567848 7394
3469 16575242 1036
3470 16576278 960
3471 16577238 1693
3472 16578931 3294
3473 16582225 1841
3474 16584066 4077
3475 16588143 4043
3476 16592186 1413
3477 16593599 4936
3478 16598535 2618
3479 16601153 1769
3480 16602922 1992
3481 16604914 1501
3482 16606415 5682
3483 16612097 2566
3484 16614663 8596
3485 16623259 7419
3486 16630678 2433
3487 16633111 1477
3488 16634588 1657
3489 16636245 2690
3490 16638935 2598
3491 16641533 2269
3492 16643802 3080
3493 16646882 2086
3494 16648968 3004
3495 16651972 6972
3496 16658944 6378
3497 16665322 6910
3498 16672232 6789
3499 16679021 3961
3500 16682982 8142
3501 16691124 7803
3502 16698927 3133
3503 16702060 1816
3504 16703876 3000
3505 16706876 1632
3506 16708508 3042
3507 16711550 3453
3508 16715003 1877
3509 16716880 1544
3510 16718424 4788
3511 16723212 1761
3512 16724973 1535
3513 16726508 2481
3514 16728989 3632
3515 16732621 2080
3516 16734701 1475
3517 16736176 2828
3518 16739004 7834
3519 16746838 3349
3520 16750187 3642
3521 16753829 8891
3522 16762720 3750
3523 16766470 2841
3524 16769311 2218
3525 16771529 3584
3526 16775113 3511
3527 16778624 2087
3528 16780711 1616
3529 16782327 1810
3530 16784137 6376
3531 16790513 3215
3532 16793728 2251
3533 16795979 1876
3534 16797855 3438
3535 16801293 2021
3536 16803314 4166
3537 16807480 2730
3538 16810210 3773
3539 16813983 1762
3540 16815745 1553
3541 16817298 1562
3542 16818860 1634
3543 16820494 3664
3544 16824158 2749
3545 16826907 3976
3546 16830883 2395
3547 16833278 2409
3548 16835687 2603
3549 16838290 2386
3550 16840676 2548
3551 16843224 23267
3552 16866491 3228
3553 16869719 3630
3554 16873349 6332
3555 16879681 3101
3556 16882782 3309
3557 16886091 3422
3558 16889513 5249
3559 16894762 1624
3560 16896386 2601
3561 16898987 3431
3562 16902418 2462
3563 16904880 1090
3564 16905970 2373
3565 16908343 5093
3566 16913436 4237
3567 16917673 3787
3568 16921460 2649
3569 16924109 5430
3570 16929539 2537
3571 16932076 3799
3572 16935875 1109
3573 16936984 5324
3574 16942308 1452
3575 16943760 1224
3576 16944984 2054
3577 16947038 7453
3578 16954491 3339
3579 16957830 2547
3580 16960377 432
3581 16960809 442
3582 16961251 458
3583 16961709 502
3584 16962211 472
3585 16962683 480
3586 16963163 504
3587 16963667 540
3588 16964207 488
3589 16964695 518
3590 16965213 494
3591 16965707 486
3592 16966193 502
3593 16966695 470
3594 16967165 538
